!seiscloud.config.SeiscloudConfig
project_dir: ./tvz_project
catalog_fn: mycatalog.pf
dbscan_eps: 0.4
dbscan_nmin: 10
sw_simmat: false
metric: hypocentral
sim_mat_fn: simmat.npy
sim_mat_type: binary
weight_mnn: 1.0
weight_mee: 1.0
weight_mdd: 1.0
weight_mne: 1.0
weight_mnd: 1.0
weight_med: 1.0
tmin: '2007-01-01 08:30:11.935555'
tmax: '2007-03-17 10:39:07.302462'
latmin: -39.583558
latmax: -37.345486
lonmin: 175.114850
lonmax: 177.999450
depthmin: -2.980469
depthmax: 35.984375
magmin: -1.248287
magmax: 4.502971
figure_format: png
map_radius: 450000.0
